200 16
0.4645380076049489 0.8126930464460146 0.5882547785190965 0.8073184333376684 0.6988569277212162 0.43876769685560724 0.6949589564977503 0.6344524877924389 0.8065720237090398 0.9286139289718861 0.8450108384114108 0.5178527804681465 0.3067066779098515 0.46167920483474534 0.8198429625583578 0.4494874418559218
0.2849550972051239 0.4950375228885874 0.8606672163647525 0.10998809321381875 0.7520055263085208 0.6205097036157866 0.0042974720180185555 0.9359727862004265 0.8508388745330702 0.13309864149173845 0.1993311050900568 0.5440712208150127 0.3071071923451453 0.9252269853032253 0.8394937773787796 0.49718070173794204
0.30495297702774193 0.6191598954057149 0.7435988581605251 0.13376691892492854 0.1594287364214969 0.5538533666972485 0.6456750008357933 0.2053561612795799 0.6403117081632453 0.22005237355635532 0.11252329737931266 0.7128077293774059 0.720431591168168 0.8847998465809093 0.05445887258996118 0.5090553190550845
0.8739699417393677 0.43187867091198107 0.11242475478014824 0.13108887265869473 0.10391652348892177 0.8287521673070173 0.636539181833725 0.4062691956718387 0.1221207539963548 0.720105770152533 0.8090198946842886 0.25910119785719443 0.5440268493618122 0.16053423332591843 0.9494663076479499 0.23010021904302191
0.7036152080346427 0.3079878594387718 0.6482423567788101 0.07118209105626816 0.30832380975692986 0.9174651474493539 0.05766389982724285 0.12385800436230132 0.770080290062027 0.495687462740371 0.32997823889401956 0.3844231017193196 0.15674783572452422 0.5002819569617113 0.9975707846451397 0.8088003365056122
0.2901119237045833 0.8686820049226391 0.2556664124888801 0.14064478041205186 0.5808047724850716 0.8323856102597113 0.2640880482777067 0.5382423991449387 0.09234534198238531 0.18666751516495916 0.4241225718358729 0.45651090976887687 0.6185587950719222 0.28593161605166484 0.05720662865404069 0.17630854013910624
0.9928531878423327 0.7505971697180668 0.3772785806476441 0.9111838230979291 0.2699647559082192 0.7553692892634626 0.8754843383659529 0.5723420983517202 0.5303721032581994 0.05736405910299791 0.1954606106264033 0.03054093465294283 0.07535793568419591 0.05879242976738863 0.5658322894709776 0.609007104236806
0.6756156101728502 0.0554674423715148 0.13745260296925466 0.4850774889208077 0.5469374228470479 0.23248130297493064 0.9577135684011094 0.3504782336006125 0.4006238924110487 0.11797595201003042 0.33319286135957393 0.16562946464130945 0.6112450284729448 0.3495337275569116 0.3943022118094075 0.7067957624158262
0.7907923718751243 0.5962619573844206 0.16155215941970147 0.8497998282599926 0.2297879151918769 0.8030389959590678 0.14221594223921585 0.041800105527939335 0.5082201256730022 0.7446358373639715 0.08389344167149815 0.01845249731880927 0.0005523319267018989 0.9751676187963398 0.018941457494986436 0.3917995756110674
0.05817645676868366 0.3000227801085916 0.30082440021371504 0.8757587121376803 0.05035602896652258 0.8591767788707396 0.36705960828677153 0.8180114283879625 0.5641034166141737 0.8571681274232632 0.2321821786322975 0.8224679666108139 0.036770068484628604 0.04327992272470771 0.3505463010855512 0.9690628963837826
0.510230256202624 0.5446781371087224 0.3022035170935563 0.9073981946482318 0.9402546246238571 0.4957227553766874 0.8481369126658153 0.9699182363019675 0.6845521050295563 0.32671892593654883 0.021377595332207178 0.34239241490824157 0.21023525771303475 0.3998183678607711 0.12211600528743738 0.32911098252506776
0.8193319519138977 0.9616537792051933 0.09790248197899443 0.42536495606369495 0.19929749098707694 0.954976150780797 0.9924846470834241 0.30706616879423776 0.9252993950093813 0.24034743130330793 0.22621876132538576 0.80560432907658 0.5828032448349815 0.31438400043571735 0.45540671831458646 0.40386944351923837
0.5833724629343535 0.6722637953152788 0.021713268405189945 0.7483363370478016 0.16119140178194746 0.9343561636776954 0.4526965289806042 0.03171938756801751 0.021637744157223526 0.559371768720659 0.3358952545634558 0.5596390040851373 0.6661038011883444 0.10413199934595663 0.8070998388807497 0.32269303067301214
0.2760757174683699 0.1480019989507908 0.17854085348658522 0.759914798388095 0.30085532604907095 0.18239196715465578 0.62142584429648 0.6269918760826632 0.7711682123274594 0.17493889300847776 0.7968842522322889 0.8554784047672342 0.7223585547019433 0.5962683752930757 0.5562487945585272 0.28176802431098813
0.2210656007010523 0.7136965471060135 0.030826391391889585 0.8694778277188865 0.6300337071896465 0.7940457165725072 0.24602120800971983 0.8579841124585 0.6952575622645533 0.6816506301434578 0.44862057968236946 0.7224149858106169 0.6778361989305136 0.286063202104619 0.690018029088783 0.47539329490129467
0.8041023973029834 0.2731116366478079 0.8569216945015317 0.5198090599112631 0.04319181057606836 0.19493937809986972 0.08558660327967849 0.24747605791712768 0.7645656421549012 0.5255148357619996 0.07582357486000713 0.5522792382005424 0.17754456632052884 0.4894180150455336 0.017391619324585328 0.6866681119142466
0.21046528516989804 0.8574940169091735 0.9660444933914696 0.13004675011684852 0.8565777067883138 0.35533501945071133 0.9029779527796444 0.8258371558277674 0.047408608349606585 0.8435719550176215 0.4651845077910003 0.7299258446998087 0.6383062187224798 0.9410441773647118 0.13399232825989404 0.9912955815870396
0.3957413583851179 0.19195917175216348 0.929590611585576 0.9812465912326174 0.427472755600216 0.5332968745620416 0.999013606728451 0.2043460176376306 0.9949745373783014 0.5668173465904722 0.24019730653396854 0.17523763996712272 0.2916993492839298 0.7123553831248776 0.5494443299167608 0.027291054651363833
0.3604554611369706 0.7818542658523188 0.29454767935805193 0.38913082399157184 0.8742966072332398 0.694702680916061 0.1945664811657175 0.003140403888545862 0.006213946506052004 0.20194418255732483 0.529339820893464 0.5622912838955821 0.6191616646195565 0.8340739814074818 0.08799217362331324 0.7890367361120824
0.298189496400566 0.4772625063162008 0.3387351701926945 0.7346452162352473 0.9738902393250687 0.42109361018096725 0.4471665544343587 0.46785431366227315 0.20376819560106796 0.7767746917170186 0.7509219479303593 0.37648203338920416 0.022095477707464117 0.7640122407065629 0.7888864861798495 0.25386198681919114
0.2988521272553284 0.53238890456705 0.5943382599181857 0.6403422852608401 0.5502510555801821 0.019805971836898806 0.21095559963116084 0.3866820513001188 0.0433026167258741 0.3647424366001968 0.6257281473699599 0.4074047627802597 0.636040873029805 0.25241893490989664 0.14665677070639105 0.06707735340268983
0.9630819797248839 0.20392300904950178 0.2395686401208863 0.6574390408511163 0.7311427576759829 0.2359714781720197 0.29885054128312893 0.11037206621817341 0.026037367580253545 0.13661680519327857 0.8022424138781777 0.9906607257190818 0.3656411512564871 0.9330242745555439 0.5890314770829164 0.5418895836638812
0.16957843565866437 0.6052060580722811 0.46082253889768654 0.24904382895804533 0.29751971459280835 0.015586842030262393 0.45339081820377614 0.8584179029295897 0.7013424731759763 0.3441988481830578 0.0645795571123674 0.7349029228934751 0.9428245272405538 0.03025764913664164 0.3570776051714285 0.5794856382676573
0.4343229887097998 0.9122030844170242 0.396961176553705 0.4896051875010228 0.4573660652762743 0.21580527852065112 0.9803360920055393 0.22761374286724345 0.8841171944327858 0.09736684057450651 0.29968843421775815 0.37468843884126524 0.001063186707393804 0.19531727537134924 0.6329442745927045 0.18347472185991365
0.9825142787442231 0.02112377705605284 0.32556398705647505 0.14762233376984146 0.8492104215387387 0.018807342544737482 0.138520558466538 0.20054397156841186 0.6463892284240396 0.6209374853847311 0.1009355518296563 0.429255532133031 0.05316621107453201 0.07990939835478394 0.5978004045272349 0.18780073760828475
0.08247563255044421 0.12641925435179813 0.12246493348322018 0.17984649108812023 0.7011847677113734 0.6717311541377002 0.6132883914007217 0.704243069908715 0.32870515456280036 0.1267773108738277 0.3584521097985379 0.07834201274894814 0.772763785465573 0.02593795156327805 0.7077960605945713 0.9284811986162181
0.1536909975197639 0.7625040565742242 0.8421676990907513 0.90012907921105 0.5071263362468929 0.9162853390399694 0.2522933516407516 0.670780318164696 0.4719285474898175 0.025268446838809577 0.5959914672464172 0.19870386828478614 0.9998703885484614 0.8946732973725493 0.31664560818152676 0.8896721875393964
0.9343077852521111 0.3385383617155494 0.9643796122680426 0.7374265627541783 0.04469668890667999 0.6323191189734371 0.8942407237049829 0.6716032548729638 0.548242137438788 0.4454591893581701 0.4932605045428745 0.570701511125497 0.870895981063227 0.8204008613208448 0.2179353469300217 0.5134085988222737
0.018782387389169486 0.500901779625543 0.5152582528759488 0.6813919684836315 0.9324020346841541 0.20102700569898557 0.8100101175995844 0.8504014293369435 0.31257262466806834 0.1771162162751817 0.5196561438434509 0.06614936355808565 0.0002301938619061472 0.6694029812290561 0.6264865205431334 0.8879917719977253
0.49892652168158 0.1790736393990744 0.20780692947214807 0.9205896711911109 0.6364025748073703 0.23759437117125926 0.9164206218162506 0.18827545138288526 0.4213733579576471 0.06693963097078903 0.0667225294392384 0.5591804645592048 0.5744743112274443 0.632887805869004 0.10956437047742318 0.11046252782541366
0.09486381174458558 0.5572782848302276 0.4865695240615121 0.023335250678729325 0.24070624142313968 0.6679696466975227 0.03961382683960546 0.5673335565038522 0.27794153986535963 0.5095584445550858 0.00338531023060773 0.9952709105810233 0.761370110035712 0.1263950842326167 0.2437599642967786 0.471756537993117
0.7085536447639033 0.34736624547018546 0.5188042381770044 0.04427233912535555 0.8527711290493961 0.026907293974346658 0.17734555816512632 0.21612160096517952 0.5000247543112872 0.7361483216510303 0.8778922471809673 0.6893995188476135 0.10168451121551736 0.722376346192402 0.7501974468265294 0.7952640826146622
0.2419401575873148 0.5083694824613347 0.1160735241839933 0.3892094758796819 0.15537502581410467 0.9436766867501513 0.9654480928425742 0.13188637477798382 0.3958465751583111 0.9174024875760476 0.7187111384783477 0.8798310652872157 0.10092874111372219 0.48347226646398556 0.5189437147136703 0.2488222812292682
0.1471620113682388 0.8083292893686468 0.15529220697780177 0.006122667466673559 0.2527076392913091 0.6899357885926674 0.09578468813471874 0.5661187254505886 0.7339982314633782 0.2639370113403642 0.5190910974796444 0.9965182621057809 0.553491320257623 0.8369144597185442 0.5189018144143384 0.9850319564108565
0.6750519593611185 0.9384611487489957 0.4758097020480295 0.11333148164708584 0.5124282878468147 0.21432368026874604 0.20069750408408582 0.3650559358670944 0.7623685998556491 0.014672764565011098 0.9849444441477041 0.5715973743666722 0.7210239836014594 0.6286029848701863 0.554744869119131 0.13861095076482022
0.12091868787361804 0.12938728381702513 0.014012649430279578 0.8243525074882416 0.767543223146238 0.010349325356691419 0.46121371727189797 0.6467442670201943 0.09047444612012723 0.4923117190520049 0.12889483490371534 0.37093918017146954 0.3981324937039462 0.02110790661443851 0.23132671010740136 0.6881711346901197
0.06669326203518355 0.44807964533513334 0.6140810449572168 0.8064253669284154 0.5585429243877175 0.7512467793115963 0.02294668339999284 0.16003197034984806 0.3493151839768607 0.6780782912989758 0.7889396297218427 0.86173024085096 0.6814726790270884 0.33548518759813584 0.8684342774048424 0.9923994690440464
0.14979082222836693 0.9204219261842222 0.031861195775031104 0.20299774395111236 0.6046376091128753 0.643424553545328 0.6574692635790274 0.6562443796425933 0.8429112641238687 0.32866230378336825 0.2154217690955148 0.3405958232387858 0.40397440398728623 0.02648026319960095 0.25920812400774784 0.5978983516647858
0.8187906900442331 0.9155196248862028 0.4092679053412265 0.9362645264780407 0.417975725400735 0.40353757618624475 0.6638293035259574 0.6458588893140625 0.5035600846401326 0.8334502378564616 0.3045401921275197 0.8550840354171233 0.989352258529158 0.6049273673589044 0.5028886579027264 0.7688997561281095
0.5947560922224466 0.4526016750415143 0.21812793913332318 0.207062714728118 0.28463122663539575 0.03811141966654785 0.5298170832658295 0.08613230732384414 0.1390622464676169 0.5190095028663236 0.25704345487378644 0.7086254208758598 0.5830341608732011 0.5710744415368859 0.19320099225044607 0.450142454902135
0.44869176729328153 0.7927124424049352 0.10005245683314246 0.5353619408018275 0.09774642240054221 0.3903926154143058 0.1183936424839458 0.7475949687957 0.1657201390809938 0.16582962249763422 0.42812655163864344 0.5315785893457807 0.8283038767925803 0.46751799675876715 0.2632651718603648 0.9595156291720498
0.35670439741908366 0.7326058510616651 0.9559240614027459 0.35916760472453757 0.005994949128211746 0.2699754236545653 0.5192442232455959 0.8110657462308681 0.49448437186811023 0.7177994347957194 0.6924287517778871 0.3083337637886018 0.33968101076495727 0.6622912031203578 0.6254639591804408 0.5259713248139573
0.46421179624993314 0.17269026008456667 0.64789934982127 0.0036261815958965604 0.1440373244042219 0.5343310795624464 0.8307097204940246 0.975855413655341 0.8887186431544605 0.33018579649556856 0.5268729670624991 0.4547440186103494 0.9229529780259748 0.2582934570078056 0.9297275775532199 0.3890000013292677
0.42329482378369576 0.4742178747896807 0.34078097024749177 0.7381034499187799 0.1542112198981147 0.8152043527455783 0.10026134448874613 0.22504850033702162 0.8944409266215018 0.6179695959845092 0.2870393860205136 0.1856756287690866 0.4503080438443754 0.4014665252446251 0.9496053205047621 0.3201467907490103
0.3408460077834411 0.8142984388663869 0.9846491196242715 0.22619251405979246 0.34590522049793526 0.41033295808177317 0.2827459464140021 0.634824936997501 0.18960520275452275 0.45704125833679166 0.05465048357493951 0.5816719408671233 0.2776216318215813 0.28344132319341064 0.5624157390835425 0.9179691589602376
0.21973365022687308 0.44107508851976374 0.961508357291431 0.7741055138232584 0.5789821494217248 0.19596570165827576 0.6140341486489456 0.6945872092979376 0.8485379321409903 0.6896829578988974 0.260060689238488 0.9188785582466799 0.676161288077572 0.03528543420580299 0.05720876150524634 0.7087342021350431
0.4565096086433891 0.9703592133830469 0.3447654988756341 0.254174642437184 0.06966952097338686 0.3313421988802052 0.11327428789746852 0.45554719962960233 0.7807118691018864 0.20235660436919767 0.558323395175843 0.6672210248106042 0.6083065844794184 0.022155433817813153 0.011323271910098742 0.037425072182245556
0.9815224223333154 0.4364600179256053 0.8224290975897793 0.4666048429838544 0.90276438836879 0.0578366618931484 0.03620149221824365 0.7029214431341629 0.337407429823826 0.09444122323757598 0.5782044353851008 0.340789347639885 0.3547951446140203 0.11713951693726499 0.6676863874994693 0.08943687519356425
0.24452958176077277 0.18368364386013203 0.6112881854697519 0.7524634242711035 0.06918395790482845 0.4304099596589699 0.8938016718009409 0.1165465579730719 0.7138065037857162 0.052833222523331 0.09955238165856473 0.4100007539467575 0.49163504867999297 0.17455489059965024 0.9861538812359919 0.3253008824448532
0.28358911946672216 0.22957969872824469 0.9111167309039948 0.2842253297906914 0.5889935287918414 0.9853597734272969 0.4623650689912059 0.34327163530064364 0.13286945293055064 0.6282260970733345 0.2727579965011504 0.9961741547439275 0.2685690590312264 0.3137848599179772 0.36413479104877877 0.9731113175114128
0.8793413102858347 0.08267911589087129 0.4162124081896533 0.9998350249113428 0.996039353811359 0.8014443540327172 0.2184128096496336 0.5174545676362319 0.00927914524680884 0.8503901879060453 0.6494178371591613 0.9002758932018997 0.6576059461756413 0.08048563291087507 0.8366726748388149 0.5123792117410757
0.37033846361144496 0.11841004666551158 0.06234289034624918 0.5152698650959412 0.2061818125755165 0.2506099344570587 0.8210979732448141 0.6882491748749859 0.52293813924014 0.39886270559770864 0.2310239076100875 0.8948348913404915 0.6018375087644996 0.3156699600384829 0.054776025270914075 0.9468782738945934
0.4776865319323499 0.10528266904410821 0.5921206323029624 0.4579663438718149 0.22775679232240198 0.01310577863173723 0.736753597111788 0.37268303038102524 0.07763090794198002 0.5453042346199601 0.6787286101485983 0.7064898112217963 0.9661696276647492 0.4784441459073996 0.28178908989401574 0.37340017299215733
0.013554097570464885 0.9573610903230921 0.9128015479782331 0.687372135598758 0.8600300320230446 0.5876331098469653 0.8843270893393566 0.1291552757886496 0.3867803685132567 0.776149588237788 0.8860496388047764 0.14907798078501022 0.4341504361450168 0.12452794047621862 0.1445288232943659 0.48276065552917335
0.8235898500344683 0.7712779364439631 0.3427359923308486 0.6574387035818218 0.3049532179067622 0.39025116689353945 0.9344069952042124 0.917078463304121 0.2968841798220404 0.1051407159135137 0.8978989231673321 0.05456201962848839 0.8309733864799813 0.9390359955503653 0.676309176734782 0.1977057319024813
0.2831910545094046 0.3310533828467892 0.5175763471429855 0.17309733626904944 0.2717541945748828 0.6042951857832298 0.8331651359594453 0.6398229086479507 0.49954742189157075 0.6661440491190375 0.3330914604842924 0.654094401122614 0.5105932295160057 0.11003091738725801 0.7864719768352519 0.16097705960805808
0.7711737985812674 0.7303896717609637 0.9692452188181702 0.2977738530037004 0.4237090266143403 0.9769192917873807 0.23986036201130567 0.5899657909865923 0.5567898102293325 0.3181173400816182 0.021415713384235868 0.43108054823881714 0.2673671528145434 0.6039961173581231 0.3755676495423106 0.5977913413224686
0.9863396470537094 0.031163590710047928 0.11523088884110633 0.4735739855041937 0.9035144511620323 0.7702373868112078 0.7681110514221032 0.34882996051543746 0.38674789413760957 0.6601630209749026 0.27944302077296035 0.47031675432382936 0.0797357006561299 0.6998167831963233 0.2693897582203806 0.6383362538120156
0.36819830851490554 0.390490358711289 0.8429099723892675 0.9821037007487747 0.8126715207939326 0.6671793524570511 0.32286087388406715 0.5405135065065229 0.09528571957625975 0.5107110306019235 0.032921962984030606 0.8504080494923468 0.7661668860891422 0.42369088072175043 0.5414880574207199 0.6564667398958518
0.16771153688943607 0.21790569993528153 0.4929951120116025 0.7373365115660612 0.9683674431692852 0.7532268788902747 0.6498711034377315 0.8478792816065713 0.026591088420120257 0.8701393708218416 0.18341674508583394 0.028767609337348232 0.8287643233775585 0.4192212657713511 0.3051517860144217 0.4500762931698984
0.1761761675923692 0.44976284797775157 0.8049082598374157 0.08406495098647249 0.11911771410987781 0.8151952405178898 0.03061352298346376 0.1897590826406308 0.21547478981238788 0.49460031170965624 0.4595498074031925 0.5410694487381441 0.7810172947011351 0.4928101556884561 0.2679677320002246 0.4592951092398291
0.43735145008287046 0.7496517130370721 0.6105851055690974 0.043536376333328186 0.017326892966618712 0.27328960940761227 0.15614643470828848 0.05461731918283441 0.6227280198916108 0.9618513214767214 0.5737663163132739 0.15075245416215566 0.46176052122740585 0.9851094653344544 0.6928405989450331 0.26684828002102334
0.6719841047824834 0.8689459160471734 0.1317746251069899 0.6846722557152423 0.25070937721780306 0.555846561075175 0.5720805717990791 0.9581308813454366 0.719787063834343 0.6588841765397037 0.6994618328313494 0.7306398792036106 0.1623595564123802 0.8983019755126582 0.418103549927892 0.14440193634816467
0.31071437995904017 0.8932352243830928 0.5038287679810292 0.6850025542287742 0.7817607854732473 0.0484162987104626 0.3174706287775819 0.6601587546836379 0.661665255812394 0.11092963330320538 0.2364477080285755 0.8266919455579755 0.8983886839719937 0.08474555938829986 0.904445286231042 0.41685474891070184
0.6495367940463721 0.7043097197503956 0.272295623417967 0.9798006653319897 0.8300696579036502 0.39793316579062366 0.5848716627511297 0.6668699081121989 0.9316236665239589 0.3965271718088007 0.8454268422581723 0.12006651066360674 0.3208152820376631 0.78331252645876 0.5705122189530487 0.9903610106048591
0.8974547290493078 0.5277434026273274 0.09474339000711662 0.8817748111123046 0.02339050194034087 0.19538850626910853 0.1596798702776412 0.8574588986075858 0.6150610910113528 0.16475610623896464 0.30221912982053156 0.3868068688272388 0.021225736689889474 0.27732965248176955 0.49117208083618524 0.29407650204254177
0.26292705184108645 0.8247647701686556 0.5739821802313035 0.10223365650754102 0.6337789202660212 0.45849867660681076 0.349873644579454 0.12079201765836778 0.7184592987892163 0.4530985136995105 0.10024604063274978 0.37928557246535766 0.9763522484961225 0.18144425546659126 0.5474083600448177 0.4303608143243596
0.5385318152622832 0.029231834653928312 0.7906976041470072 0.3442113981680559 0.9988896989213255 0.5785634354180901 0.001957728965157779 0.781227689215608 0.5539446845031364 0.8611465030981262 0.8653433498784776 0.7622893077110684 0.3775280379996324 0.13095189970553467 0.7680557608581027 0.8335374455225827
0.980865500579493 0.5336002099252448 0.6892584183650243 0.10675017069312043 0.9566541326356857 0.92078495153253 0.3155385842553289 0.2541679286758659 0.8923155453015161 0.2220503970995259 0.7428651966261896 0.3183315370699462 0.2706480613675366 0.8444469219221756 0.9162664246418817 0.9844677015562749
0.18869331636498365 0.4905286554945061 0.9326360290577813 0.11380153366914547 0.8661279385334684 0.32112167128925595 0.8886762874766464 0.7757996153527399 0.6534732104272274 0.12392532876539675 0.32110667774355106 0.07408589814009081 0.9164233019265858 0.8362047587605647 0.18856198641674227 0.1054303138037952
0.3115397448597468 0.32980050097297564 0.8786006140651171 0.47583431949035593 0.29047676984435766 0.5502260787909375 0.6837943037525914 0.9610818108985691 0.6259154648404844 0.6285090536125152 0.8448826323201525 0.8959522498659844 0.1657717268997856 0.17301759720501841 0.8030339621074084 0.08650698312346417
0.6904493887643672 0.34520102500635064 0.21254623721119448 0.8971285657889572 0.8813945087415003 0.48985569492565373 0.7182585950705379 0.9442432513691077 0.7326299786538131 0.20501762489442432 0.7929137175970109 0.45565795571255696 0.35926051051707397 0.8529958613161733 0.24159687898409277 0.4336245097889291
0.7307206432910894 0.3789176754231255 0.9990202664147451 0.7964409568703525 0.5655699218295616 0.35283000200358305 0.847704166668275 0.4737830512789075 0.6434824075345917 0.8356546560640656 0.23257451114172223 0.850204127755038 0.06324878370590903 0.1695845405485672 0.04028218285653906 0.33688678523175397
0.09352428130087376 0.9854563646228854 0.9263226967930426 0.8391406196818065 0.39297670672046703 0.1758398749935115 0.06540171128912486 0.5899432725868835 0.5076841486845184 0.3141760799488674 0.5932203682500521 0.18985974842580433 0.6692839570206465 0.6427902174893433 0.06148554608277468 0.05172641358764929
0.9377447965142269 0.5054064523519902 0.9966724647829256 0.7834956851559844 0.02598183037388979 0.07179774026844532 0.8688085343664359 0.3360783165303074 0.09053828623406923 0.8089521447575128 0.9918449563924959 0.435555525338446 0.8922503648992555 0.5547400715185538 0.3165599997747711 0.995141335952198
0.5467789390733518 0.1666501862822073 0.7016533860499176 0.07867734708246632 0.6060839715624772 0.6719761673667226 0.11081393632736347 0.9394886035667116 0.14717325701293715 0.9063679652533587 0.1003872739567595 0.5744008444370743 0.02081444538541688 0.6959673288711704 0.7106054129559727 0.8060287841260493
0.35515523015517947 0.46866477428698594 0.6515804944524354 0.947677642055905 0.5151354761769371 0.5665040402197632 0.3229102322677142 0.9305471831009897 0.828578816283393 0.9218618792138807 0.15452817283789122 0.13675628478138835 0.5112302443223329 0.15802492116006628 0.05879883436617939 0.813145660765304
0.6397368693671781 0.13630281995972526 0.9669189152196224 0.03212656627069732 0.025279498418229962 0.0244239805049713 0.40130090547634323 0.4574175608982616 0.5232867311645623 0.3744930892777434 0.4908855849823981 0.3666351641070643 0.09175676410180111 0.7975790968019508 0.9260780185210423 0.9152358994199766
0.04190518354655459 0.3191415685776743 0.5441530967288425 0.3597274696256201 0.22293679744569206 0.32897533551144176 0.9639338805857384 0.6373187024924601 0.40924499313838403 0.543111240659398 0.2596254640292497 0.8479502782613303 0.040483779610954285 0.7779023665756801 0.45019319431676286 0.45700266861791095
0.5775398665008384 0.9931000628600659 0.16183440699495943 0.8682957637310483 0.9507841949891891 0.04995083668971256 0.3689400578352292 0.215062432413201 0.47770841904625605 0.8605963257766004 0.36204052248865204 0.7352766080258518 0.6184395075680791 0.6915444351197868 0.4007185375276645 0.2854840818884412
0.3656787100559993 0.7792789399435162 0.19282278236668238 0.5810878325282625 0.9261631687934346 0.6286883636002337 0.4593073911490958 0.036560802314946406 0.08871224007824574 0.9316783223552403 0.9002023253808326 0.860807523161007 0.6931077250443701 0.8154534449570433 0.6443248217432113 0.6951564563395745
0.4181352649809188 0.20430616993878403 0.2979329780209542 0.31394872872473434 0.9195933351911219 0.4767085461363003 0.6006691256704532 0.4282994132948933 0.02078633613808567 0.8858511354269589 0.20809004833242128 0.16489835017919086 0.35041871936195057 0.4305142360767361 0.6253486806904202 0.5925331780924331
0.3068658127059224 0.839203629159965 0.8964500219245337 0.2998570605362907 0.5364423367291314 0.8367015223351971 0.1366021930905188 0.06718721302119579 0.11552639392214581 0.2968476646529675 0.4729825000522885 0.46510691295483986 0.8503082510087501 0.8173896451143682 0.09738909517558714 0.2529682383101828
0.3727329045517027 0.9797036499004469 0.6979968368551647 0.8750666962908602 0.9811979617685911 0.5756175000781206 0.40665366257645463 0.12525255010368452 0.7870270930427447 0.1604052957141432 0.9123248084782137 0.8400820731065174 0.41096383814822945 0.548017698145081 0.17464129041021415 0.11786031999996305
0.5734003845740724 0.019451323116390085 0.2163593811872072 0.3197068961898063 0.9259382615030429 0.03644365991861631 0.03129356074326517 0.29178721054593926 0.5539330591338376 0.14296470710750875 0.34166293212765286 0.18446316128515194 0.08594952757392238 0.540759688558608 0.9616511367430108 0.16078080250604476
0.6219995798911995 0.787968736621406 0.7231079349362055 0.7149390236115091 0.44397304355024025 0.2565349102739434 0.6753082526699927 0.39073596577945824 0.421250161739793 0.9564323786046359 0.2091848890293605 0.12459788022329954 0.6061983331954308 0.6771229638809343 0.23629531731767905 0.24079008438273775
0.9709168681689209 0.21113818474249546 0.12608785307097892 0.4723144088463853 0.012400002745482475 0.8685176693696247 0.6610058381890908 0.8820227278037561 0.5612813063088563 0.3934183145343614 0.28075303588806977 0.39890750580814904 0.1218969848102599 0.3272759163834644 0.1201297769901758 0.5908872667591787
0.032505962810183364 0.18784703548815862 0.22325052794808375 0.7718049429657204 0.08812655500706668 0.2793898573466428 0.9007531985659822 0.2568865405599152 0.08472879604216765 0.2573116753807453 0.5720703369762089 0.3146332601828695 0.3682234956825734 0.5832318505925744 0.9765762646863013 0.7155094717755258
0.9313088376822698 0.761163648765328 0.8140094248042623 0.9249391127190457 0.6889456115453912 0.07337565044120375 0.30163526923769735 0.808818559760157 0.9121534318976919 0.5130347652393019 0.3852118914051397 0.3322674374519662 0.056126772249036505 0.5932103288887347 0.066011638644632 0.2542431880668856
0.21079328376505724 0.09179531374455685 0.762353514564778 0.48705775624725156 0.9002453153785216 0.09758444019156043 0.7951730237032347 0.6317718541765919 0.3318877827184069 0.06910051876943879 0.5829863241096485 0.6297627434422223 0.299818576915973 0.08860630086475296 0.1737526481283429 0.3662413322934608
0.8060941988687279 0.37655245090132805 0.17563941871515698 0.5331650795699174 0.3454521274536799 0.27696635155126115 0.547246191998471 0.46612176241146597 0.5029073666155397 0.842122274724992 0.19461535662238094 0.5002894895226665 0.7774431256343174 0.7784030738026553 0.9947076268952085 0.5777016913542699
0.7183161745322596 0.655243964516272 0.23016718607640163 0.12547658708810316 0.18008487178326116 0.6674820984098648 0.03902687514107883 0.32792390713638675 0.5340768958620494 0.6471413414883772 0.15159121165302136 0.9674557792788362 0.794035435608624 0.7922069527381947 0.43850768410052676 0.9165442068328421
0.8292177042013479 0.5799709985348661 0.003944233351247606 0.47691203728525133 0.8628953733471275 0.6189235918561908 0.9327313576246505 0.9550527845251847 0.7044324858378119 0.13607221739886777 0.8392630217168515 0.8400793224868892 0.5339290871090399 0.6290897705853347 0.017553449673130328 0.944086490427474
0.37944770109835535 0.27085379094537143 0.2821241177864102 0.4982453226890453 0.5242037337824172 0.9541216254717605 0.04048915614769688 0.6481472739246841 0.4038078470603572 0.8884698914256419 0.15536853523889782 0.5158783596050109 0.4924207926234917 0.6125814365121711 0.8900745331447539 0.44942841414359236
0.6590673083126569 0.699705940565477 0.17395593509026697 0.08748070841084232 0.5886236121919967 0.30087035629706993 0.596891768718154 0.2538902283047024 0.14698455661156418 0.19703605527965484 0.7969635000088815 0.2466904329110582 0.7186167553869998 0.24911918950816625 0.8007935446519415 0.902911972069479
0.8275055204084966 0.11996105380226585 0.1316265603995831 0.32543081874671453 0.23445107085847317 0.7080761492638749 0.8735723913307145 0.25828924012276977 0.7941205520864787 0.46564023102989716 0.6934838271095739 0.06104744886935942 0.7077249655824002 0.41650678086701276 0.6340231609555775 0.13854892826159249
0.9071021789899164 0.415669297630596 0.3548316139494241 0.7751405096087497 0.15262105996394204 0.5612428622227517 0.25515914072348445 0.12695107991943277 0.37295395314074775 0.8381516418061904 0.4198688136587825 0.7312926739679373 0.3807094637315003 0.1571628153507022 0.30692868146202545 0.03282156920257395
0.42141064365963365 0.44165514031706776 0.7629873122567004 0.8236861022654751 0.14125776164460002 0.8268083014557486 0.7588242502043728 0.0682068820002194 0.5882044146449237 0.1266950443781979 0.7767406537839301 0.5905255703757235 0.34879416935219776 0.7276182296531237 0.26314786166260395 0.9776168203372193
0.2244452963270842 0.968552927968976 0.27068711983263816 0.2766193089828707 0.42987179711260204 0.2723067929057278 0.41620160735561296 0.598876918427657 0.38045517128065276 0.39177092921530887 0.7735239182933923 0.6381744526171645 0.49440074518767785 0.585290451050402 0.712284130059662 0.3835628267723823
0.4196885540660368 0.2313301457307474 0.8092013051411957 0.17618759704222042 0.5487582558217254 0.09894457704965176 0.11682965095673392 0.4161253962505188 0.17094603165786282 0.6811382356179717 0.1450908136671345 0.5609412718224137 0.11308440639717543 0.8916813451043212 0.8113106542711009 0.10919175374511492
0.6662248907114049 0.2632119686362303 0.13614618995638028 0.6032285689051748 0.7293145964846647 0.7950158017886756 0.2634699220077865 0.04680625883787748 0.76105997503121 0.46695380550469046 0.7176745350906457 0.4055966303369438 0.7116344752215918 0.5064590596449077 0.7586539628531082 0.0183658959826547
0.5129313376509922 0.14601719665873047 0.34387833986012617 0.7018612224394495 0.43383055435327555 0.02091688004725234 0.7022492532239538 0.08336660533904738 0.7127246255059245 0.9115027200839226 0.322216613862197 0.5969530444077507 0.9281120834006349 0.8253979366176466 0.014940317808751269 0.9327185790549785
0.9121113536213707 0.19079968918943901 0.28132329849466375 0.9973121120057186 0.580071563965074 0.6736031527701987 0.7380766171977455 0.06267467728702236 0.3444870796178481 0.8231001711294329 0.576076281999673 0.7506523862478924 0.4046889220934953 0.7498503036007771 0.379746408079107 0.7791357496451532
0.9494186426365986 0.2784725171578504 0.5265837350147247 0.1551057149111864 0.9745353779488737 0.5195476473738766 0.48511722721856765 0.9416392662109231 0.2945022200051851 0.6791954861533857 0.7311887332261281 0.0861952448733252 0.47626898678000795 0.16572539089116223 0.21343384102952512 0.505431971890946
0.6499381946419309 0.599440122055482 0.6555091686770411 0.40898706332503343 0.7536727139742799 0.8215770901547792 0.07327510156144212 0.7610453349832165 0.03336390602837003 0.8465818462047652 0.7018399198353465 0.4331116101888287 0.6865708017365914 0.7827141025249564 0.20787010003286288 0.5816092202123717
0.6348581928235855 0.11583362319402213 0.4106408381484393 0.9647566062340182 0.3016577828055941 0.3497450210849352 0.5023472289241319 0.9953352949190543 0.3869124288643475 0.13101744336909948 0.8723996032764637 0.8526079197237512 0.6962097267022135 0.6229763279787446 0.7036047298394321 0.49917618186129276
0.24382488470873387 0.48532646364432663 0.9103260564049903 0.22808745917270812 0.3096762917012422 0.25100305055332095 0.14663746571937974 0.20982388465166812 0.3951109810847624 0.2587244366432907 0.7015040194334978 0.09765485654094908 0.2657234617536359 0.32889304386828455 0.3252136384693767 0.9735757305535732
0.8229311283719392 0.33949969948666925 0.5521015431311502 0.250952332533915 0.33549511443003177 0.19635534196571802 0.21480994899859096 0.8694171029453491 0.5814567096369534 0.8973167488933048 0.4624216035530333 0.47119429588652173 0.7542141321233445 0.9927751786696309 0.35787817717401016 0.17560363903963794
0.9176047178261656 0.4909978996258453 0.9458397917994252 0.7915002353013034 0.7896038113019282 0.4231026902723257 0.5073872585402587 0.6465150259403295 0.6808476380033812 0.0996527116531376 0.9016957579059467 0.5759523610449306 0.9383156098685731 0.03295906853638708 0.6473073237004434 0.4748257063781388
0.27522599986682195 0.883924716464579 0.5764721996585588 0.20354079932662028 0.35523176389136557 0.250614697279962 0.9713136952357843 0.582557071412233 0.9302268011431217 0.4975594802431743 0.880024954853502 0.11071568937844478 0.7134540686820257 0.20754823324835525 0.5312723828627677 0.9481607406771402
0.3221724841288527 0.6025430252486069 0.012430263364014205 0.23156981758934192 0.25196943376804404 0.46925476087734164 0.18218997940473736 0.5635867190834746 0.545353566509043 0.9677343588196642 0.6858145162621961 0.7929089180663307 0.8352124031618516 0.7519365838521977 0.1527066575540058 0.3122725618866603
0.9737480353640157 0.14045380090752835 0.5263354315003628 0.8959729347471326 0.45393883179134875 0.17487902991005544 0.7229675145233269 0.52078679881759 0.22641089924511748 0.5959321572670278 0.26251601520564627 0.7228663054821465 0.6177880130552567 0.5268534551362898 0.7390894610248749 0.6913552776609174
0.5899361676316291 0.4353583967548037 0.9686986195320723 0.1777370492062036 0.6082261817726102 0.7444219448090907 0.4631482905828078 0.7166409222217796 0.9160834160699926 0.15641217683383957 0.42909839410184203 0.07011423807527828 0.3832304746928682 0.7445992196205888 0.2117385547250491 0.2044493975304802
0.33679411409353677 0.834616470003609 0.8464288841841702 0.5011470426094232 0.12848175226462366 0.05274781372407766 0.463984013444381 0.9988519649785468 0.40091985527404916 0.45625252648111103 0.8598159201392048 0.6874396600901685 0.9591952535233299 0.8709274721124417 0.31006704923170403 0.3888653185235086
0.009540375063125661 0.5324581103607301 0.7604389163596573 0.6119713594446602 0.23949783364945532 0.4298663583408334 0.4877854074425414 0.8202949307544184 0.5807387558291341 0.7897303980212106 0.4059118220586133 0.1342413120028989 0.13459729855530245 0.5181555927505885 0.11153085119689776 0.20362594049330385
0.7566885785113293 0.16157901838922073 0.6161402841430574 0.06272095630532637 0.19549152179217522 0.7404328067528102 0.22612021325605436 0.021768970087620798 0.186433295056874 0.6172448145853057 0.9262043343145524 0.6684604879263988 0.4651200655953359 0.24763271188846436 0.7131298142430299 0.8652408635056331
0.65310572426761 0.07587906888191331 0.6865951183080321 0.5504012920678776 0.33298582287650036 0.534074645729609 0.12613139211395263 0.9112823537016428 0.8469683231254668 0.27673762010305325 0.9629694775899224 0.12342126696479627 0.9017896542144964 0.9503201004180106 0.06377498379520807 0.004184182047350049
0.4116145356253824 0.8266532537460336 0.2973840315180597 0.6602516355548558 0.3131875031847725 0.9618214420699924 0.2667776989651873 0.34724133663291834 0.4895475266883239 0.5001282172918178 0.961171599422885 0.007170295969065377 0.7949203243184801 0.5078586511775168 0.35593297836457083 0.941369033350175
0.005054511353518865 0.7132693393420716 0.7948690336135512 0.4292306226956003 0.7691544580402339 0.3650312871617658 0.0803667423235126 0.4314400981100309 0.24780013320606264 0.31860072813978924 0.9799022415165205 0.15691852828496544 0.44134409619016957 0.669110733257231 0.7567268005087469 0.05040575623974197
0.3159276554783925 0.9478057018521584 0.4000090485810671 0.17504800500112083 0.8749666849136118 0.9756963778527233 0.24970973976714206 0.5924899471333237 0.5782787908129826 0.09298821268174196 0.5061214464281738 0.5537327422668594 0.8094598264706806 0.8056803319208671 0.9040370844943896 0.3278241026632007
0.8633178526437794 0.5302341500604004 0.5529765247337775 0.49362199867750245 0.49905366475527557 0.7896537406004189 0.7255033456928376 0.5085490637109943 0.6826675306902891 0.6794159372200272 0.4353511918523125 0.0929895206622331 0.9906380875811812 0.042310355311189984 0.77943082426825 0.5453675008327836
0.43164530926086986 0.9018470779474427 0.6649026871125338 0.3208641362556527 0.1338454146428173 0.32598337417559364 0.10022707011151177 0.38250374890889516 0.7351828243460544 0.5331562696416755 0.19906582065351708 0.9660933061838903 0.6921544919484837 0.18191572191531302 0.9665751849926576 0.9045672423696641
0.5947072310590179 0.7762100044567772 0.2217307945230793 0.8243981416938316 0.3720037189267582 0.8309674987232557 0.26736459875869656 0.35605886290137134 0.8947946642159086 0.33537732933259723 0.6540360397887041 0.46692029273312574 0.9738393021150716 0.1529718194095494 0.19626986988202744 0.1474001133915488
0.9694863761858913 0.388786768832027 0.5677578949026669 0.4659034206965147 0.14132794413902672 0.342136260552646 0.3643001553354699 0.5748284153185147 0.44624431534629927 0.17876727562337436 0.94179651426416 0.6026288868787153 0.13811937597291335 0.9012333814124831 0.24183099872877212 0.37154065650048473
0.3262470034498114 0.07825686185002334 0.6490652355005888 0.28090535230474645 0.5121051947317905 0.10505492020975826 0.08270467165541362 0.3806156827480316 0.592515102436593 0.7779221807347647 0.9930316154922909 0.43804621221065476 0.09247942085652694 0.6789084026496093 0.2060151927015329 0.9993652434206614
0.7652008647135056 0.9678562458958553 0.8178142863816723 0.22274473478616685 0.4559555959485956 0.6003815808879389 0.5104816808195738 0.49759835469386937 0.5540233197641224 0.42126981097939065 0.3858797790166767 0.08358625823141308 0.0838995230265056 0.6227943524491454 0.4742431264859047 0.8101276304398184
0.2358072450298342 0.6369947735192449 0.029717077655111446 0.5217262190888045 0.5798009708487489 0.865495116257546 0.17532965269001088 0.3597787496084659 0.5496928747631875 0.5754780898993381 0.8874571433867371 0.21325232903313718 0.03131210603033474 0.8620176666929965 0.8646322585295022 0.29421078683534496
0.2695824213146003 0.40263932607264563 0.8466469591132364 0.0801443033087178 0.3779862879877479 0.16178653394589015 0.11511455657782643 0.18082827620802688 0.4782253119210117 0.25377924743578884 0.15991933791406554 0.9785046280419527 0.47704401473979785 0.5941770976670844 0.5462807564990162 0.38848584354513205
0.7530197464043282 0.5071655271017587 0.3454480697225567 0.0920141436655596 0.24720178039600205 0.07053970120648179 0.49412769430580417 0.9892791745406218 0.5504591763085626 0.9174543750052524 0.7206506562825431 0.6809993164424422 0.25862915139882614 0.309610299367976 0.41707781072752503 0.8874530537486771
0.2801565907051453 0.29724799255667955 0.4172768403930732 0.23979583461991716 0.6524242457916194 0.5627151132435605 0.8967474098763791 0.7821611380718778 0.9137498884790025 0.9479238694488515 0.005716153738556273 0.34795243131574893 0.5707143993580208 0.5902707374554859 0.25034032959982944 0.7835855138325042
0.749490924347605 0.4825037426413584 0.1677783786886501 0.5182673281677528 0.7233453068782614 0.4717556838320057 0.7476463197602996 0.3353437451902833 0.2718147754905178 0.8285056646602647 0.706594427332495 0.8955781999291909 0.815889965860915 0.4694595625064846 0.3003001925732476 0.32498456295986244
0.8335162311482197 0.7319477395578412 0.9823375575552327 0.6098456690144992 0.9997008798984562 0.739734458489719 0.3879234694759647 0.4413972125321035 0.7898920994749749 0.9159976821164625 0.5602110631015723 0.1329858811917567 0.9797348655115184 0.281589222200342 0.5807486583153326 0.8366947409981773
0.6702604257096573 0.8776680781029511 0.45264303002586925 0.3355388390976788 0.4994121055295646 0.10920536570668915 0.1650199056623204 0.6656144011930091 0.7646169918753394 0.0531687798481113 0.006442455799061442 0.5241390509297579 0.9653386421798067 0.2999118694950895 0.7937865118931414 0.31595795100925594
0.6068266837303331 0.5626541902065175 0.7902347755139194 0.8094038705991748 0.5869981110985242 0.8384813917355551 0.2645003081011982 0.10364651303427108 0.6494154363773533 0.6197658631056053 0.09254990554878428 0.409742775053359 0.02533012573929927 0.17299964201957607 0.10983761451338159 0.6185920321929805
0.7471831257167834 0.17874532216022732 0.42712945813265435 0.32149701246033924 0.8956903712017971 0.25481724009442264 0.49841348681661435 0.8008249914017201 0.6256631010615302 0.2651276414651371 0.5095921348830859 0.02069698459559466 0.8127355827795982 0.5062411468326645 0.6555661163023331 0.619653384640627
0.5888619159467499 0.29425381013214613 0.726414030039543 0.6553607611389511 0.9312024552042772 0.2091359045349246 0.7772238225417715 0.9048881252562326 0.9755992677036809 0.20287483822643004 0.9780655445979388 0.9751087493452908 0.3895368357251726 0.677478143987189 0.517423393966253 0.49788290203891494
0.0886274433527795 0.09121806973992086 0.5253104431695815 0.38943614986791364 0.7103591691651582 0.21434880557030156 0.14456394457156718 0.054570755259111814 0.5585073042361093 0.833903990569104 0.9061720354486386 0.36739487293299045 0.743487320836391 0.7972040280462407 0.25327349535522425 0.28153863525921763
0.5023281257245443 0.1861465026042598 0.10264452503067056 0.8667352957969592 0.6122491670701552 0.712151373752021 0.736762399352836 0.9633039284500601 0.8049509199468744 0.27488958998337387 0.060570988813822835 0.7381196993457513 0.42550435383983853 0.7585070777992231 0.07483834748383267 0.1786569778210988
0.6261120737778575 0.15641851914340643 0.7612193265918982 0.5516680819382664 0.4448851305098587 0.8893321318316728 0.899372390294608 0.8446175065303889 0.7845008852507378 0.2296875583710456 0.6942648036618333 0.026533832390128298 0.9388223152658441 0.8641511811213333 0.16105996005415046 0.09672958263777887
0.9228978314029846 0.6848994025537557 0.12293347374948149 0.3532574790916987 0.24752893312280988 0.4205072365705166 0.7556413034849828 0.4975620245794319 0.49481026195174704 0.3625290162668173 0.02169098563775873 0.7806780928012599 0.5394467867710019 0.4629374397935918 0.2934125332154357 0.8392235615635084
0.06663165057349241 0.9962807378966732 0.937562876119858 0.09931940710657661 0.4017144002918861 0.6244127284683126 0.8393962419231589 0.6521427799205135 0.6617785914595563 0.7170976376193788 0.31266819652954647 0.7158017950168822 0.658891062653008 0.514999013428289 0.4231127867398673 0.8410245633980479
0.4135607882117309 0.9015451665092868 0.9040752401771056 0.570375186354879 0.1819924571604512 0.8681943122484088 0.9696227241568324 0.8064730465445391 0.38665235222907957 0.4345402432956562 0.0038968167909969598 0.4484233169355555 0.4823866017343723 0.06521456546780258 0.8123177758056614 0.15682406381094094
0.7923601075889387 0.14124236817541047 0.8776505728240447 0.7762177689267524 0.3793482729451939 0.4469091320711176 0.98392114417698 0.23939697128364557 0.5522796512834436 0.2030049841406134 0.5386288933142999 0.1126209710314815 0.15472901339619582 0.5653745284273113 0.7637610185885054 0.03989840113595722
0.09010287199502287 0.6711484685200504 0.5671316371507763 0.5207805458046084 0.06404682619943391 0.6474963407281378 0.08832843376476329 0.45853864232211305 0.8824457910032311 0.763870420966011 0.26111280539363946 0.20997137413531775 0.2584418574468408 0.5705202365361977 0.6634761909449722 0.5326087120637272
0.1740611080692337 0.3379089148810398 0.06779728098990823 0.8901738354763181 0.815754417557922 0.8055543594665633 0.5444477749112137 0.46733833160617577 0.8869189255949177 0.7222672999228695 0.734864664643519 0.3951317398985349 0.6425154981147233 0.7605223489368749 0.08877173464305532 0.13646483504248919
0.8510470600244233 0.6247797358242402 0.8776736620247467 0.8665197985726587 0.9631398996609406 0.038166706346902335 0.872231715264509 0.13386463730315468 0.9218600075804393 0.6050257687361197 0.19221118755798872 0.21639594496547132 0.578216948595226 0.6694679251433577 0.2568067047045631 0.4239142011756274
0.8538637390853467 0.8146407516902724 0.9185713992924236 0.4487664874932453 0.5616379192458836 0.7316892677722472 0.10327639160911273 0.1008336559412627 0.7261565813677289 0.28183359149195064 0.1092127454488736 0.3822307298811354 0.2256935523036281 0.9460330787436345 0.47320964890074224 0.9156856926826995
0.9640409199501094 0.43823640126179786 0.07718256618382802 0.15093685812462776 0.018527897457782605 0.6908392916694018 0.21939402378535244 0.43784257828641737 0.1223678476982959 0.03800099787394262 0.009264931705416757 0.6069719909163804 0.11587657925056738 0.8932922492962637 0.21500628540340672 0.1321001768789256
0.40239899587487105 0.1452094959812349 0.26558890989793815 0.857012221187098 0.6936904100373381 0.5180126089043152 0.003924628350810644 0.24773934476160675 0.36326965082208884 0.2781154842880058 0.04020447136882055 0.2693923713119729 0.46596595020949494 0.11340761199501337 0.43129352087273287 0.7370850253034118
0.8511394637864106 0.4301828372484571 0.3838711810422464 0.41658788930991675 0.5681612199866575 0.9274714303598707 0.7952154144722225 0.2339780418418682 0.1379987729980212 0.4474090122332477 0.8994629573960506 0.17016190165987088 0.4710563071016274 0.31031087920834177 0.8427275329896224 0.8056487675766161
0.11752611291089632 0.6852248576366657 0.04792531060645411 0.24597730551674002 0.0399965920647265 0.2101716158432131 0.8077651960770021 0.9266820912178994 0.9486768514569766 0.7352503775021614 0.2813972094377112 0.863567826876107 0.6395913953912795 0.5331399097261698 0.18199388449853515 0.6944491728989167
0.6622695362777185 0.15720196322603108 0.4588948161418491 0.6623253790571298 0.6973301363460676 0.6843714389208692 0.31093217881838175 0.042601287230661256 0.5058127513376667 0.03828613128867675 0.060104269942082844 0.8837510397571348 0.25068976167188173 0.33750271437193924 0.6138499455888023 0.37064506898567096
0.6029171640089855 0.47796102298220744 0.9813659543192538 0.7082819168979643 0.6812944565730161 0.04140857977244028 0.22483531150535874 0.1282771359973468 0.8211733959751712 0.736998659579516 0.700502274454317 0.6139255916144178 0.6894294285657191 0.12322237256320279 0.3471773623985247 0.1307681098684541
0.980267742437252 0.5093431344150139 0.4868933125779571 0.4847540507356658 0.06576287795607982 0.0681173308652746 0.1841681795413408 0.7589632638847174 0.7089361420085818 0.7111710364556021 0.5453245587625749 0.7392267200784555 0.1582686437180435 0.2830318273590531 0.30760674269928534 0.9445063743863661
0.6753653598513674 0.3654975995067966 0.09677094656178709 0.6705023897701943 0.7298821620248509 0.4997289997027011 0.5954419946718398 0.6416622023635672 0.28698426927938236 0.9301987578502146 0.4916594804325827 0.21747531828975475 0.8203819957012474 0.9671403124451904 0.41078818890255897 0.3415108920640213
0.29495058634624716 0.2495988604589514 0.9648619933459494 0.30748605849013066 0.9450448514563389 0.004581856754589997 0.3633507500848355 0.3926529171828601 0.11784081946792191 0.6292593132502405 0.7351983311852488 0.07921635172444264 0.9152394328517186 0.5931723682792642 0.7195850154427762 0.8477091742931123
0.8338193762793972 0.05164996410688438 0.3859376883170277 0.4934606547785687 0.8422262845709971 0.5753151185477462 0.8121995304029955 0.40062728208406784 0.724881615287118 0.27405819585432534 0.05969153035202879 0.686090113660417 0.6318209119998242 0.8047650796503336 0.053819500187204716 0.24173837377094798
0.38232692715146266 0.052990335527138055 0.938422315687004 0.18971454789054842 0.0231394161356816 0.9724996762663501 0.6248649785401702 0.7548642543536823 0.48233427165529275 0.04715131105562287 0.9372368458169956 0.8472791962557266 0.6764016133506735 0.3880341768788711 0.4775106966702055 0.4493311137808105
0.1286760662775681 0.04301151666722214 0.3550111384439695 0.38407471786300373 0.15020578341787794 0.29276441852537527 0.21798436919404418 0.4777012109315435 0.3966362727599344 0.562022845932842 0.021528780330435926 0.5201442822283665 0.42840065843422015 0.5812868431801719 0.970206495194217 0.09964437335566823
0.10401513218185454 0.21134367756545513 0.27585990801952176 0.9874475878323423 0.501986929598908 0.15827397620190198 0.5139109993364152 0.3189567988764833 0.093319448787058 0.7317049541989636 0.5525440252291823 0.1104010576355311 0.7198798605713723 0.28434201345256493 0.5635354145234281 0.7074860929357636
0.7711709737283007 0.3567854049359974 0.8486638027209168 0.8009518099800135 0.2211804980109089 0.17488160739642278 0.8891461390614027 0.8244344680493769 0.5077565225397396 0.9371569625155292 0.25829104567879113 0.5124227550796436 0.8830033527755227 0.6361149822162792 0.9018916500677766 0.1706463598312351
0.5574117429284747 0.504465225471186 0.4951916381127567 0.4004884296068407 0.6759642929951183 0.872951812297037 0.2845250178747031 0.5049870058662697 0.4515380746804397 0.536974557700491 0.3020362378114919 0.3498398706678604 0.679311108945431 0.6718544211366948 0.787052737448643 0.0011990632500123999
0.912615982894574 0.4779405447773908 0.8423610924928028 0.19034204284713385 0.4871579856799505 0.5266716435460216 0.5248989705788848 0.6721670375491019 0.6549000111394889 0.4682466412452335 0.02386342520603102 0.3163148360581505 0.14178961958766678 0.5622950641936179 0.9331601671558855 0.8056120895076627
0.15311769355847682 0.9018895505443602 0.6930966301628461 0.26359157469578287 0.9702593718984843 0.8428591376677582 0.8931653863438714 0.2718258130715111 0.6866901976103881 0.9515716831614504 0.9532006141047763 0.31576334926610683 0.32799665480544626 0.4731571301158294 0.4783268594226029 0.9030469610422188
0.8835596342422528 0.6230773326218737 0.7252851041474766 0.21623669889943864 0.25075384989433025 0.435587438944807 0.6916545258101157 0.6654826652768304 0.19311694615869568 0.7206785705571707 0.8044811477618444 0.2985504661712973 0.7520791382519916 0.22926484322555096 0.45331647116179674 0.20023449700678275
0.4694403136495312 0.41356017101934217 0.9370014779502756 0.356665141189916 0.18912451335792846 0.3655762131167656 0.682772333283898 0.6373294023314502 0.8842826185103548 0.5968533532217533 0.4882585915605965 0.3964692070905206 0.6601787719450835 0.19716308086849665 0.289557749796133 0.2991942980244666
0.649806066045817 0.37063751887858987 0.7659705036987968 0.8383545757583493 0.456501690619873 0.13107276265725842 0.7101794976229419 0.5624188399146619 0.23176080656606557 0.346631165994715 0.5195341128303922 0.5728611068220575 0.5648625849502606 0.7384719983136574 0.8693941245989097 0.6263595863479603
0.2152200153627648 0.31876934177913163 0.6336349672266018 0.16274277912061053 0.654936118907093 0.2313780861928182 0.6060963397021778 0.40364045502763324 0.13287952792177926 0.8610991521779081 0.028677833715209378 0.9341490273436771 0.6777216504744845 0.13944845413164453 0.4667485807701468 0.8115765869832521
0.9440222940776029 0.0809934361707979 0.8047975781792583 0.36368947099833215 0.9096027524792669 0.7100808975200121 0.7902823163722519 0.5149670332617364 0.6151094206641617 0.5731181963253805 0.2430733252828361 0.08116587549282261 0.2188263155451199 0.41304227667513904 0.1553037769852723 0.0185363913056108
0.8253644444999307 0.1073189361683371 0.14276560096031454 0.1451603476736123 0.27603939485212114 0.5009695814018401 0.1868231849296732 0.1352756475710445 0.0919676845148043 0.6771572051914226 0.6124521730526721 0.8328360575657383 0.31190481739232745 0.6756880935636831 0.5656124142555208 0.37933109740489934
0.8990267655881837 0.18779443803862117 0.20553849254720424 0.5859742462766963 0.8187565550096984 0.8274729044994558 0.968850335071043 0.5426017601040317 0.32351031228754157 0.07116476306576824 0.9452308355358343 0.3212867896985342 0.9715159402768967 0.8837188605836833 0.8347303122622919 0.5776612439092809
0.1237961339408512 0.758510376431456 0.8033235348643798 0.31871388002626044 0.3258245326756092 0.5316826243287012 0.9764120274400744 0.5068423415420125 0.8450995233359383 0.7101777761813958 0.6991724327398393 0.8236539910206234 0.08847209331181116 0.39632598380047124 0.6720231011896675 0.23834497509917474
0.32023207521234864 0.876052617091247 0.13632203651973163 0.0018278321134945763 0.1743956051950344 0.9037807619343327 0.8294630836985919 0.06146855632096604 0.3021534512743721 0.7549816534295529 0.40199402362166037 0.2274457070805831 0.6727350084063798 0.8699840426287964 0.6679401570817103 0.8765115482687564
0.7548483479308844 0.09078726612015597 0.06870250730192062 0.1362573851084613 0.051397517558020134 0.5173258843676005 0.9062760316511618 0.727096317390693 0.1981848991970001 0.9944321148870009 0.45412347438863054 0.1140990050291868 0.7784900542874278 0.009218530770877642 0.5558347283446706 0.35272699173571953
0.4816575888200031 0.9156428931725176 0.22343558729001767 0.8598667450715806 0.6114471192735272 0.4676005206327445 0.5589801105635753 0.9665542638642518 0.5525338977023625 0.5054127079261533 0.4628446823348642 0.7894659155388369 0.21401794576449762 0.15891096507437774 0.7795523464005983 0.6663674991090307
0.02039119241379228 0.3374611960917342 0.6742188758147246 0.7596336438267541 0.2547185335029599 0.18445963287839606 0.1465360651694939 0.3072061491276 0.91843247677754 0.49511721556174937 0.5811956492503538 0.2662414508763975 0.9764879834763747 0.08598066275379501 0.8992273964288925 0.4972279986376962
0.8034470199813086 0.5837388995292733 0.9411109110485698 0.39434140141105267 0.7737552054141464 0.6012718299763051 0.3508303428464432 0.1472082350511612 0.47867712325017964 0.186052115771701 0.5673582943175145 0.5051763160549615 0.8288884881095513 0.16703586860112973 0.4320467203841032 0.5751854684212043
0.19422140202766913 0.15608525825576858 0.45028639713473695 0.9556881539861456 0.5881382076987394 0.9835330150152839 0.2758500744434519 0.02387372331881521 0.9796934838895003 0.08828016682511441 0.4646646604574437 0.019537169331991233 0.8988630189962954 0.5063079708322646 0.2675226583695508 0.04616187777927783
0.2560149361876626 0.2922870669997336 0.7483491098984132 0.0015259193421396366 0.9324629552583235 0.740270921334533 0.5176875947165535 0.6718289733308207 0.7194665277908624 0.879679776278754 0.12389945637218391 0.5742131160361205 0.984511192081791 0.1421127508829586 0.7157011268763309 0.17621730291399884
0.3430911088589349 0.8696958360009284 0.22309806835053114 0.5235361464000761 0.9251192310152823 0.2947426140365863 0.6195251004914186 0.19671163593156948 0.17678137328859111 0.8457054760734379 0.6797516217914203 0.7527737558806069 0.13568697644596495 0.08299408915329409 0.6613424807763811 0.35441652266672663
0.6157077432358995 0.23564495170864375 0.47650902955551966 0.08545359057943946 0.061594706498687146 0.8518288534686003 0.6236591734671019 0.8281264624967088 0.9879277158940579 0.5920083498358081 0.7277302927770196 0.16026393128038952 0.5490771484049609 0.7804714258451426 0.24128459773263433 0.027667308647055244
0.1349552704043545 0.5932078321543577 0.06829274205648206 0.10481779145964676 0.6988924951720509 0.9560654780087257 0.20119261377249853 0.30102544569996015 0.8536528114372832 0.7703515604238992 0.8706914781830529 0.24223531291537226 0.3984566592721117 0.24173433069223116 0.21482293623021465 0.8395469076341616
0.16397814733095062 0.3547276915586133 0.09727012636859678 0.20126117206161498 0.21702186824984437 0.7290468650499223 0.1807630885077115 0.252254117833134 0.9114436292955842 0.3143859545364517 0.6515823043692577 0.5713053175671584 0.7552782759273253 0.2950857609995774 0.8370041124604483 0.6271511965446299
0.5294612912948544 0.05700935726524947 0.1043026262295087 0.9049689306097394 0.9508861774959836 0.8174977550410659 0.6828587344981338 0.17892840534894983 0.6682725672084366 0.266043734442335 0.6100619395307987 0.3817461233810123 0.04424215607841431 0.1666475605143617 0.09089418332593968 0.1523703951930111
0.18062447240189372 0.042175971087356046 0.5200075855572117 0.562935085547809 0.2428261115912701 0.3967478051627963 0.9618997147749689 0.09516098742983214 0.8295010354404416 0.1697511355339154 0.745411980367146 0.16463134042605898 0.6305071079061204 0.5553736869229939 0.11473309718610925 0.7519752000205825
0.8797292276968326 0.4580545235730158 0.49681721410967583 0.11746827737557664 0.08247745206016521 0.07548448368325167 0.16263837222228394 0.7763446373004889 0.29391691324505687 0.16834767599755207 0.9322855075419509 0.12597438946507244 0.9584524999025533 0.03503888024254431 0.24782362754529808 0.10029243706392532
0.6737392587124854 0.820173727206176 0.657587169690148 0.6090472833254708 0.15418559692598965 0.7688817186649659 0.762229507943388 0.6274079504788931 0.2548148630583206 0.7925055554660211 0.524580145983227 0.8296471926870979 0.3438373060171378 0.05785986352002115 0.887493988945564 0.7941842087250787
0.5771453239341495 0.33500158656545953 0.6111031593505597 0.40713116174353103 0.39247552606150027 0.06347577239068414 0.20113601007745574 0.6413881553772905 0.48778016439606486 0.8192306753887811 0.18167767952010971 0.3572135486092697 0.9528597946817121 0.5927253021209389 0.15733669314463028 0.6295181762082913
0.6455430483663709 0.4395348391951148 0.11073680290165744 0.46218428388638055 0.04577790018408878 0.09501660645827625 0.9641011831402174 0.5737599121188696 0.9319277906378466 0.15524487071147353 0.7348402582221084 0.43178926482012026 0.47209373235134644 0.13214271556532664 0.0951405056227077 0.21912579071043592
0.3044526621087106 0.39049799638414995 0.13848308707148005 0.9889245758194366 0.0400427941060566 0.3810442402318468 0.44638032585276577 0.33418241439545016 0.9481786027215111 0.9931051018646044 0.7404023805414887 0.9328108039963685 0.15680546241187532 0.5238874379481478 0.30081128683691516 0.32661794267007305
0.5451652966290808 0.08461706064397434 0.7759050179715113 0.9710845937662311 0.482515961487446 0.8208956103815803 0.4554593728085121 0.01601118103053778 0.9152709500931869 0.6435552190806759 0.8879956759463485 0.3162194928625699 0.031096704485762183 0.17580065124297573 0.0998258363343647 0.43896253697078436
0.9125798417958914 0.5966993256001631 0.007995954418302365 0.06088578385822918 0.36590667470582594 0.5799324504534692 0.5942425521597385 0.09785595420547277 0.2225618040449403 0.3355727125529051 0.29163870281177795 0.27454929667825545 0.8211327685406017 0.7925698154501775 0.704404489807646 0.4023701580859842
0.2581407156888531 0.020566710388048026 0.7418949557247184 0.8114547187508179 0.8315733216716485 0.2024274203361971 0.882972474824087 0.47724825685670114 0.16161887769992644 0.26964656970425405 0.34435105806377 0.9286827578008064 0.7853064237589188 0.7095820395189816 0.3829170291166213 0.6108059778832198
0.9178910677378381 0.196662438800135 0.5420522950280344 0.07388222657632881 0.04292021899836351 0.6838627378155101 0.9665622349055283 0.6938575769240739 0.574155200622507 0.769778207315377 0.42412081532950674 0.5105223954721733 0.8896960224700724 0.28936930183957454 0.23018239696479803 0.3546384716049803
0.5769017269213701 0.9070734273484956 0.7421284464429253 0.5160610028627386 0.3164435954539697 0.6701725758006771 0.6691527083331992 0.5489372249475801 0.12067484413583407 0.8476301640435121 0.2726519134032259 0.9773266208041215 0.22257855621569578 0.07094237908723944 0.7355640998429904 0.6407940264160965
0.180154829938866 0.7627457250211689 0.8389514655882513 0.9739894293991077 0.6384700156417299 0.4441444378510946 0.14488900579183894 0.3106668887985814 0.33253738819745393 0.7016763715228042 0.4961506687932693 0.3480995480572874 0.8397878499777515 0.5043741634330008 0.5181838027578014 0.6734916613137562
0.7152986804216692 0.44142742675769875 0.16568679157547095 0.4129824118263765 0.8743317955051788 0.28978220609253846 0.22545237881040792 0.06832014990586965 0.9258432378078304 0.7061003807786033 0.9569972930035321 0.9825817454434518 0.10433347328473941 0.7990279480104411 0.5529604749678493 0.4019580209357192
0.05181539614785946 0.2593738841404676 0.09741125596334188 0.9946316718532304 0.8670684274853306 0.5557176651898194 0.9525211532027515 0.5043177245739495 0.059444629793965253 0.15872192387083284 0.2891363230307795 0.8969161511496366 0.47666488653905825 0.7923325602758847 0.9689048911769417 0.8690791467072242
0.2726528662349207 0.19587321733413132 0.7524203823462405 0.6697617383644006 0.5927853594917758 0.18655313579899335 0.6286736993613553 0.38901127295494253 0.09054958406494806 0.8953737431318439 0.5989304869386661 0.5594589532247923 0.14606670053751492 0.8399042775808905 0.8264015739968438 0.06037311784339694
0.9055933942661593 0.2671419095293389 0.35870807815858663 0.206623598278316 0.14305253200550871 0.9595871051007571 0.32623170951703884 0.3647597677972073 0.06593491375145777 0.8808102350609376 0.37969798382657793 0.2014782312445358 0.7102390857003651 0.47158729403835653 0.019197164949525614 0.5247134203133292
